4 1
5 0
7 2
1 8
5 8
7 0
0 2
0 4
4 9
54 11
13 15
15 54
54 13
20 39
25 39
40 25
44 40
42 25
40 42
42 44
41 25
41 44
44 25
25 24
21 24
43 42
43 21
21 40
38 21
38 43
22 38
22 24
24 12
11 12
12 22
10 6
6 3
1 3
49 1
49 3
49 8
48 1
8 48
48 4
4 53
53 9
0 53
0 48
48 5
47 8
47 5
5 46
5 45
45 0
17 0
17 45
17 2
48 6
4 6
6 1
8 3
47 48
48 53
9 54
13 24
11 13
13 25
13 39
39 24
11 24
24 38
22 21
21 12
24 40
21 25
43 40
21 42
67 27
32 27
63 32
63 27
30 63
63 18
18 64
64 30
30 18
64 63
18 27
68 18
63 68
68 27
68 32
32 62
28 64
66 64
66 18
66 30
66 63
66 68
66 2
69 68
29 66
15 37
19 37
37 35
35 33
33 51
51 58
58 60
60 52
52 34
55 58
51 55
33 55
50 56
56 57
57 36
36 50
50 26
26 35
37 26
26 20
39 36
14 15
70 7
7 16
16 71
71 67
67 19
19 31
31 59
59 52
61 27
27 31
23 6
71 15
33 19
34 33
52 51
51 60
52 33
34 60
52 58
39 41
39 44
11 25
30 32
17 5
35 55
50 35
55 50
50 37
33 37
58 56
19 35
19 34
55 56
68 34
67 68
67 37
67 34
31 34
31 52
72 41
73 43
74 8
50 58
13 12
12 38
38 42
41 40
24 44
43 44
58 65
3 4
1 53
17 53
45 47
47 0
0 8
11 22
10 12
69 16
31 33
41 42
67 26
56 51
49 48
